139
142
102
126
122
171
116
138
123
189
147
159
117
162
126
161
158
109
174
126
158
122
105
141
117
131
100
179
195
185
104
169
188
142
163
170
199
117
157
138
149
143
146
105
162
178
133
105
187
140
104
196
167
102
103
182
173
120
156
101
174
193
169
107
117
173
141
190
122
136
191
152
178
171
117
135
191
183
110
170
118
176
135
100
124
127
102
136
118
143
112
194
198
133
153
122
185
197
192
174
128
179
105
131
183
158
154
127
116
164
174
102
132
155
154
116
180
171
101
171
195
143
186
188
128
129
169
199
115
116
187
147
150
118
124
156
107
160
188
171
166
145
133
188
166
136
154
187
126
161
119
121
187
118
173
173
197
113
131
149
108
101
133
148
174
121
190
103
156
141
103
173
122
133
104
154
118
103
183
133
138
191
169
104
194
158
157
111
173
101
102
171
149
165
121
130
130
177
167
113
199
131
